000 001 002 003 004 005 006 007 008 009 010 011 012 013 014 015 016 017 018 019 020 021 022 023 024 025 026 027 028 029 030 031


032 033 034 035 036 037 038 039 040 041 042 043 044 045 046 047 048 049 050 051 052 053 054 055 056 057 058 059 060 061 062 063


064 097 098 099 100 101 102 103 104 105 106 107 108 109 110 111 112 113 114 115 116 117 118 119 120 121 122 091 092 093 094 095
     A   B   C   D   E   F   G   H   I   J   K   L   M   N   O   P   Q   R   S   T   U   V   W   X   Y   Z
     a   b   c   d   e   f   g   h   i   j   k   l   m   n   o   p   q   r   s   t   u   v   w   x   y   z
096 097 098 099 100 101 102 103 104 105 106 107 108 109 110 111 112 113 114 115 116 117 118 119 120 121 122 123 124 125 126 127


128 129 130 131 132 133 134 135 136 137 138 139 140 141 142 143 144 145 145 147 148 149 150 151 152 153 154 155 156 157 158 159


160 161 162 163 164 165 166 167 168 169 170 171 172 173 174 175 176 177 178 179 180 181 182 183 184 185 186 187 188 189 190 191


224 225 226 227 228 229 230 231 232 233 234 235 236 237 238 239 208 241 242 243 244 245 246 215 216 249 250 251 252 253 222 223
 À   Á   Â   Ã   Ä   Å   Æ   Ç   È   É   Ê   Ë   Ì   Í   Î   Ï       Ñ   Ò   Ó   Ô   Õ   Ö           Ù   Ú   Û   Ü   Ý
 à   á   â   ã   ä   å   æ   ç   è   é   ê   ë   ì   í   î   ï       ñ   ò   ó   ô   õ   ö           ù   ú   û   ü   ý
224 225 226 227 228 229 230 231 232 233 234 235 236 237 238 239 240 241 242 243 244 245 246 247 248 249 250 251 252 253 254 255


